0.01 0.042354583214523046
0.02 0.015849911073470203
0.03 0.013464942179537424
0.04 0.013603158665105405
0.05 0.01270956346541305
0.06 0.012429935942231629
0.07 0.011810278444551132
0.08 0.011864467109115772
0.09 0.012585594454418515
0.1 0.010677636113025493
0.11 0.010842972748075734
0.12 0.010753984419103533
0.13 0.01110096011532918
0.14 0.011726614879649908
0.15 0.01038708621657005
0.16 0.010791899343993442
0.17 0.010762130951192713
0.18 0.01019727984159909
0.19 0.009909886840308297
0.2 0.010105559491371492
0.21 0.010470003414134512
0.22 0.010647006578947415
0.23 0.010375669220369537
0.24 0.010337974468085102
0.25 0.010335565914600033
0.26 0.010211094191206143
0.27 0.010289360510046369
0.28 0.010217884659220402
0.29 0.010179337903662274
0.3 0.010395733828745146
0.31 0.010078852828487748
0.32 0.010388194504543506
0.33 0.01004788178276159
0.34 0.01025755725190839
0.35 0.01002180871828241
0.36 0.010176466519647159
0.37 0.010055499269361903
0.38 0.010392694008089565
0.39 0.009946845344451056
0.4 0.00982352687626777
0.41 0.009885081449806585
0.42 0.01016405729166666
0.43 0.009948483189992157
0.44 0.009695438016528902
0.45 0.009959546995667746
0.46 0.010073161397670541
0.47 0.009982786776310367
0.48 0.009874098389822988
0.49 0.010021555164926045
0.5 0.009958461538461586
0.51 0.010091153737923268
0.52 0.01005335135135135
0.53 0.009988618651892836
0.54 0.009771708649749994
0.55 0.009858923661562546
0.56 0.010000600545950861
0.57 0.009911971674253919
0.58 0.009656788267793304
0.59 0.009925626669515972
0.6 0.009802791927476746
0.61 0.00987457843234163
0.62 0.009758074653822965
0.63 0.009883128334172112
0.64 0.009897431889236268
0.65 0.010132771084337331
0.66 0.009987777024409152
0.67 0.009875046972269434
0.68 0.009995607859189534
0.69 0.009964217541717566
0.7 0.010067715803452825
0.71 0.009980813431312517
0.72 0.010035990268716098
0.73 0.010093234791352414
0.74 0.009975154994259456
0.75 0.009983182112068976
0.76 0.00997142073839408
0.77 0.010002855220667383
0.78 0.010000867579908658
0.79 0.010034015934271116
0.8 0.01014731940082147
0.81 0.0100367340686275
0.82 0.010101613552896625
0.83 0.010018367607612724
0.84 0.010127537894305667
0.85 0.01012200576853746
0.86 0.010137609731627766
0.87 0.010168559113300451
0.88 0.010220636666666649
0.89 0.010171985385047806
0.9 0.010187468242571543
0.91 0.010219332452081911
0.92 0.010199054758800464
0.93 0.0102355552785741
0.94 0.010222067231014572
0.95 0.010211106850450796
0.96 0.01029997006585504
0.97 0.010213943994255821
0.98 0.010199616447590322
0.99 0.010174501788451725
1.0 0.01022358016478195
