0.01 0.04927080716751583
0.02 0.028246765552634848
0.03 0.021583194916182748
0.04 0.023329436049649162
0.05 0.021312506325742477
0.06 0.016503306443163973
0.07 0.014298676850499832
0.08 0.01485229649435531
0.09 0.014063063619518253
0.1 0.014126079724109971
0.11 0.01263905350536857
0.12 0.013697056973400441
0.13 0.01215428091728091
0.14 0.012817913434054728
0.15 0.013753470422535241
0.16 0.013890791421728728
0.17 0.011965122093588916
0.18 0.014280534935555853
0.19 0.015634345412651875
0.2 0.015498309592699792
0.21 0.014047292602939467
0.22 0.01423140137013905
0.23 0.0161435211267606
0.24 0.018306391347099417
0.25 0.018997984536082375
0.26 0.014673829130664815
0.27 0.01579952430956635
0.28 0.013960433776253769
0.29 0.016692556501052263
0.3 0.014895878896996081
0.31 0.013459658604328245
0.32 0.012636208813422242
0.33 0.015317919939739617
0.34 0.015331223383280815
0.35 0.014216539187913135
0.36 0.017026673344331816
0.37 0.018614140655355525
0.38 0.01666191321273188
0.39 0.01551442338072674
0.4 0.015461016042780728
0.41 0.015577505970304238
0.42 0.016810012131907005
0.43 0.015031878290166308
0.44 0.01760283640356233
0.45 0.015027209426317013
0.46 0.01575009197811156
0.47 0.01610431131974829
0.48 0.017199531270747564
0.49 0.015481226287262949
0.5 0.016818257715480178
0.51 0.01658296684928967
0.52 0.01588001180869921
0.53 0.016302637463976904
0.54 0.015721883366467817
0.55 0.016845389527458506
0.56 0.01472178030303028
0.57 0.015487892312122095
0.58 0.015154676671816344
0.59 0.015540743182499215
0.6 0.014879765864332612
0.61 0.015666543976032545
0.62 0.012637766070668386
0.63 0.015512869899283516
0.64 0.016544707317073158
0.65 0.014968603471024062
0.66 0.016157753609943305
0.67 0.016554183735727476
0.68 0.014559555783199892
0.69 0.01422235020943357
0.7 0.014856332526060872
0.71 0.015525311778291034
0.72 0.014507554729450705
0.73 0.01299020771513352
0.74 0.012001825306678749
0.75 0.015086476075835025
0.76 0.014031895209909034
0.77 0.01557746584440233
0.78 0.013678688792801267
0.79 0.013911521506942321
0.8 0.013665138636952555
0.81 0.012740266200591512
0.82 0.01322293309545045
0.83 0.013839126848946656
0.84 0.01293131497555621
0.85 0.01271892867055235
0.86 0.01257805862734769
0.87 0.012188018040384014
0.88 0.011917412664761741
0.89 0.011962579209683176
0.9 0.01228956248508476
0.91 0.011523991427571755
0.92 0.011418387291200233
0.93 0.012499029732721826
0.94 0.011058827703060478
0.95 0.011144708214809092
0.96 0.011237417591658298
0.97 0.010578866114701156
0.98 0.01178913842353132
0.99 0.010767373606231955
1.0 0.01031919900753721
