0.0 0.0
0.01 0.0011618973557008824
0.02 0.002480655680399489
0.03 0.0023824618183559106
0.04 0.002562467645354425
0.05 0.0029741847711453914
0.06 0.003379751142712045
0.07 0.004567903464822483
0.08 0.004227201687424685
0.09 0.004548947151963835
0.1 0.005026013131084448
0.11 0.00498101074749421
0.12 0.006290315170191969
0.13 0.004978222660530366
0.14 0.006135780057879454
0.15 0.0071530776864190656
0.16 0.006873359625668405
0.17 0.006366275531185714
0.18 0.007291675791160361
0.19 0.007084521794667114
0.2 0.006509233537243662
0.21 0.007334031379668061
0.22 0.0078988545376835
0.23 0.007352071252313461
0.24 0.007723847469220269
0.25 0.008334959053685132
0.26 0.007862633271490454
0.27 0.008984788441692476
0.28 0.008513606533887387
0.29 0.00844347799696508
0.3 0.007888691059977367
0.31 0.008863045155069891
0.32 0.008545774778966956
0.33 0.008063636224333485
0.34 0.008126805436337625
0.35 0.00834949726583174
0.36 0.008645858585858614
0.37 0.009224691671964403
0.38 0.00893332859932534
0.39 0.009376704325851037
0.4 0.008611707491507204
0.41 0.009151865557865584
0.42 0.008700210724687376
0.43 0.010052851117012996
0.44 0.009890797501452669
0.45 0.01018711479255242
0.46 0.009345499038888089
0.47 0.00908562682784168
0.48 0.008800222763010148
0.49 0.010606368904876132
0.5 0.010084986484051223
0.51 0.009979448561089073
0.52 0.010040022767075269
0.53 0.010294929940409066
0.54 0.009911853431562598
0.55 0.010852750167897897
0.56 0.010172972517282074
0.57 0.010592392920353999
0.58 0.01063667349377025
0.59 0.011481346954218681
0.6 0.010448587262491205
0.61 0.010536554564172936
0.62 0.011089126996197737
0.63 0.010221557620817891
0.64 0.01064731810490694
0.65 0.011350151280728932
0.66 0.010820218490429722
0.67 0.010593043626448521
0.68 0.010939950989290292
0.69 0.011088841104572181
0.7 0.010739383658969839
0.71 0.011280172117039576
0.72 0.011023528268265009
0.73 0.011158093749999994
0.74 0.011853640343492183
0.75 0.012442294484911515
0.76 0.011287074248674103
0.77 0.010594279731993304
0.78 0.010772299357945471
0.79 0.010882089713565123
0.8 0.01125740240240241
0.81 0.010897070491803296
0.82 0.011432514948997516
0.83 0.01110250054406963
0.84 0.011581891571032777
0.85 0.010908836466832186
0.86 0.011377340405379834
0.87 0.010922524590163943
0.88 0.0111345439642325
0.89 0.011226393309516036
0.9 0.01100568558791002
0.91 0.011981184626978123
0.92 0.011165959564541254
0.93 0.011222278622898317
0.94 0.011242564441506953
0.95 0.011205475885616715
0.96 0.01097203531952737
0.97 0.011213690663667059
0.98 0.011041154329784548
0.99 0.01088877117686926
1.0 0.01050823351538667
