0.01 0.04083190817370958
0.02 0.034492217783695746
0.03 0.026474768993839867
0.04 0.02294008093142128
0.05 0.019182869325636297
0.06 0.01750443057722313
0.07 0.02000604928861789
0.08 0.016609113535936474
0.09 0.016722754921756785
0.1 0.016276066382597022
0.11 0.013054362017804138
0.12 0.0157645350678733
0.13 0.020153396594306518
0.14 0.013694713734796853
0.15 0.014610253661642971
0.16 0.014579883684702479
0.17 0.012804824311490994
0.18 0.014362021353166988
0.19 0.015127860066989239
0.2 0.014781958349254888
0.21 0.01673586160275323
0.22 0.014904023766930787
0.23 0.015054703828407517
0.24 0.015357276952872811
0.25 0.016366711350538774
0.26 0.016207333036509362
0.27 0.015505540346760573
0.28 0.016690596127247586
0.29 0.014607260083449224
0.3 0.015631944206926075
0.31 0.0169033753637245
0.32 0.016846273187183892
0.33 0.017267908289591016
0.34 0.018737992313808613
0.35 0.017916171382747235
0.36 0.01921772094305801
0.37 0.016600891585040137
0.38 0.017930622487653668
0.39 0.01770742939708399
0.4 0.018513894316774384
0.41 0.017228981553940717
0.42 0.01877676891143912
0.43 0.017916100416526016
0.44 0.023277524617067776
0.45 0.017208790434504215
0.46 0.02054575432319621
0.47 0.018791565503287908
0.48 0.019102927148601977
0.49 0.018299233544855024
0.5 0.02006125440543005
0.51 0.01797551929824563
0.52 0.017196712239583353
0.53 0.018931960362400857
0.54 0.019427445671967924
0.55 0.020335410385259604
0.56 0.01765100799147572
0.57 0.016376509198813012
0.58 0.017266501399906643
0.59 0.016308577301607056
0.6 0.020662602005926695
0.61 0.01519665076142138
0.62 0.01696199086294432
0.63 0.018521848618916602
0.64 0.017407723859041015
0.65 0.018477106253921852
0.66 0.015406588224846867
0.67 0.0173876054732041
0.68 0.016197023951446822
0.69 0.016251206551195885
0.7 0.018106798066595074
0.71 0.017125443895295665
0.72 0.017033450194769095
0.73 0.017928389737446294
0.74 0.01861882482262415
0.75 0.01892442736883314
0.76 0.017109367217989134
0.77 0.016455124784027646
0.78 0.015861120207825003
0.79 0.015688795263936944
0.8 0.01732335370585957
0.81 0.01709452779207406
0.82 0.014258262910798175
0.83 0.014691774825413062
0.84 0.016590781544967067
0.85 0.015989728717130416
0.86 0.013267812657498735
0.87 0.013688065107748766
0.88 0.01365285673839187
0.89 0.013501022058246296
0.9 0.013371996192548303
0.91 0.013286582562377316
0.92 0.012952771548953843
0.93 0.01299632135895293
0.94 0.013071923164875454
0.95 0.011791583500695124
0.96 0.011894443874184408
0.97 0.012337728923576268
0.98 0.01153881569084701
0.99 0.01149983843867144
1.0 0.010492864963503162
