0.01 0.03414227357901309
0.02 0.021918949406620883
0.03 0.021889135913591363
0.04 0.018503949329359157
0.05 0.017449336448598137
0.06 0.018349660786974285
0.07 0.018922971760797373
0.08 0.018210911636589864
0.09 0.018744177703484716
0.1 0.013920600579594287
0.11 0.014017771780303105
0.12 0.02038806308724847
0.13 0.017574610569399282
0.14 0.021155911949685618
0.15 0.01572019499341237
0.16 0.01618845659526485
0.17 0.01876239806935087
0.18 0.021894080409098904
0.19 0.02277249026024622
0.2 0.02664200031575628
0.21 0.030738709171675087
0.22 0.018814612885760737
0.23 0.020068072437920123
0.24 0.015348490244860562
0.25 0.018276488592097948
0.26 0.018586943748259522
0.27 0.015234915674018147
0.28 0.017632193319538855
0.29 0.01679087199999999
0.3 0.019717379888268178
0.31 0.025039619383587043
0.32 0.02392570591517848
0.33 0.02022925176820957
0.34 0.021263644707623926
0.35 0.022706555727554176
0.36 0.01776162415646797
0.37 0.021147206344669905
0.38 0.01945511230346904
0.39 0.017618924907673344
0.4 0.020489406588447664
0.41 0.01914109971321427
0.42 0.020814231891748528
0.43 0.01923749342522898
0.44 0.0183565439890502
0.45 0.019309194319086804
0.46 0.01669089499818333
0.47 0.0218112726551131
0.48 0.019114167210121238
0.49 0.01840097634121959
0.5 0.02103466415428943
0.51 0.02167934710925475
0.52 0.0233893059360731
0.53 0.01586425586573042
0.54 0.017442753522953148
0.55 0.016076043443974498
0.56 0.01666974961385251
0.57 0.01627464168253405
0.58 0.020148043647700592
0.59 0.018783262171968577
0.6 0.01535792823983012
0.61 0.017136358989481987
0.62 0.01773069126213587
0.63 0.0168263322222221
0.64 0.017386252534028486
0.65 0.016276358736762413
0.66 0.017274299346405265
0.67 0.021331778937381335
0.68 0.020842978904148417
0.69 0.020101294041450758
0.7 0.02021759900722986
0.71 0.019981903837861113
0.72 0.018781988783433998
0.73 0.020014340654161442
0.74 0.01973219194704911
0.75 0.01817957947663127
0.76 0.018458588009916604
0.77 0.018940766946006098
0.78 0.019405039298325568
0.79 0.019024332585860997
0.8 0.020197623879952543
0.81 0.018049672363484832
0.82 0.01906919222139122
0.83 0.01574660489251309
0.84 0.016065083189902452
0.85 0.01606423247731225
0.86 0.016110589421578548
0.87 0.014482171754946661
0.88 0.014793167075306464
0.89 0.014217148315387295
0.9 0.015470872651020116
0.91 0.01428220187061575
0.92 0.013518881021796554
0.93 0.01351998783925716
0.94 0.012878253694108652
0.95 0.012227466349960407
0.96 0.012441157888229606
0.97 0.011886725130021227
0.98 0.01250592390076371
0.99 0.010948582641614003
1.0 0.010607565819218588
