0.01 0.034154115671641526
0.02 0.016520463067722615
0.03 0.012507320861580717
0.04 0.013359963283750737
0.05 0.010623842364532031
0.06 0.010578672040302323
0.07 0.01011987154534842
0.08 0.009850282398166633
0.09 0.011245991038230551
0.1 0.01039203047484054
0.11 0.011107225241211076
0.12 0.009451343957503328
0.13 0.010679371854237993
0.14 0.010191527429545686
0.15 0.010050415294742458
0.16 0.009629942948832241
0.17 0.010059767113620286
0.18 0.010900581266197681
0.19 0.010397753050969146
0.2 0.009807215650591441
0.21 0.01007252040146327
0.22 0.01013331531954889
0.23 0.009942414817403471
0.24 0.009747192324185259
0.25 0.009734175857610095
0.26 0.009635068551386974
0.27 0.00985971775700935
0.28 0.009735676901973227
0.29 0.009606403208451545
0.3 0.00970928997194952
0.31 0.009609487028301876
0.32 0.009693969295805996
0.33 0.009729266169154246
0.34 0.009556134899189352
0.35 0.009311457858769932
0.36 0.009592375803895988
0.37 0.009818107608695685
0.38 0.009484105841238146
0.39 0.009483291103865856
0.4 0.009760310584389023
0.41 0.009719447154471535
0.42 0.009485115932780242
0.43 0.009742711017112056
0.44 0.009482769700898239
0.45 0.009529117067402459
0.46 0.009654080094735727
0.47 0.00953426124197
0.48 0.009502204415198494
0.49 0.009606717444197641
0.5 0.009661629542790115
0.51 0.009571507325319317
0.52 0.009552598304473286
0.53 0.009704953119948243
0.54 0.009600225260562594
0.55 0.009655081282952529
0.56 0.009664140269203543
0.57 0.009857790748898634
0.58 0.009697874614367533
0.59 0.009700494035561526
0.6 0.009645107442029873
0.61 0.009681829268292644
0.62 0.009827518679602971
0.63 0.00977903018151115
0.64 0.009866104353757028
0.65 0.009849287991498392
0.66 0.009959656662119128
0.67 0.009997131398013734
0.68 0.009863379120879099
0.69 0.009846931230610072
0.7 0.009981339011924958
0.71 0.009942373873161478
0.72 0.010042857142857176
0.73 0.009984029784065547
0.74 0.010174552892371567
0.75 0.010064023366192033
0.76 0.010125379622826367
0.77 0.010137006020066886
0.78 0.010119567023285102
0.79 0.010161883649066266
0.8 0.010206941120153154
0.81 0.010153385500267538
0.82 0.010159322222222267
0.83 0.010203677110045687
0.84 0.010291098418277715
0.85 0.010318452840228828
0.86 0.0103530344387755
0.87 0.0104019888178914
0.88 0.0103694637285491
0.89 0.010409894759683104
0.9 0.010305980586807846
0.91 0.010313181970696797
0.92 0.01038267542802023
0.93 0.010377539289558658
0.94 0.01042579741850803
0.95 0.01037570163004959
0.96 0.010400115883807138
0.97 0.010252629685725028
0.98 0.010247924637681443
0.99 0.01016750968992261
1.0 0.010176952283698732
