0.0 0.0
0.01 0.0031466435795954274
0.02 0.003656526819814178
0.03 0.00319914597902101
0.04 0.004969749454571041
0.05 0.005613009152564683
0.06 0.0054542332463011186
0.07 0.006570647482014347
0.08 0.006684255706101651
0.09 0.006414819492789703
0.1 0.006533160815173525
0.11 0.007521365659968698
0.12 0.007933110849365245
0.13 0.009210632062146892
0.14 0.00907248495173201
0.15 0.008639885131646907
0.16 0.008729525152797372
0.17 0.009882072219426299
0.18 0.010985247334123243
0.19 0.012217562610229236
0.2 0.010456698031015843
0.21 0.010781023989695717
0.22 0.012031726333907053
0.23 0.012397908508365967
0.24 0.01102931422055707
0.25 0.011590182640750634
0.26 0.013677626617375264
0.27 0.013712745676100561
0.28 0.011817095066694846
0.29 0.013208255292844966
0.3 0.01278297529775033
0.31 0.012347687797147395
0.32 0.013155306631211582
0.33 0.013553331736909367
0.34 0.013294920634920649
0.35 0.012668113431822031
0.36 0.014352568139495512
0.37 0.013657101599526081
0.38 0.013261282521681133
0.39 0.012510416820361511
0.4 0.013235186493359702
0.41 0.011888216023353878
0.42 0.013512891175641388
0.43 0.012070879296562715
0.44 0.013989351495905076
0.45 0.01393660868315123
0.46 0.013217371528886015
0.47 0.014448826409495553
0.48 0.012274488585063838
0.49 0.01369333093938528
0.5 0.012709445825413085
0.51 0.014917127871464623
0.52 0.01360863492520137
0.53 0.013094693491124264
0.54 0.014240852927616433
0.55 0.01422168845722823
0.56 0.014655604395604436
0.57 0.014275255540479407
0.58 0.012921038440517332
0.59 0.013933174603174548
0.6 0.015505055123802623
0.61 0.014915869376411345
0.62 0.014826998751214038
0.63 0.013332274374460738
0.64 0.014883940191056388
0.65 0.014255983282006137
0.66 0.015086122910076811
0.67 0.014687602909090948
0.68 0.01391288895357305
0.69 0.014627761986301401
0.7 0.01370004829251473
0.71 0.014951071038251412
0.72 0.014761823214615293
0.73 0.014539326615483029
0.74 0.015566945563012632
0.75 0.015686042261564788
0.76 0.014523367796867888
0.77 0.014950170587178962
0.78 0.014862182273146354
0.79 0.015175216453806617
0.8 0.014233023009785774
0.81 0.014031113076609028
0.82 0.014982194311536365
0.83 0.01493053908891979
0.84 0.014664929450276563
0.85 0.01444895057342939
0.86 0.014276935736677156
0.87 0.013484129257253136
0.88 0.013715946893787617
0.89 0.013173078988125949
0.9 0.013677263903462815
0.91 0.012790260023056223
0.92 0.013320638151560992
0.93 0.013635353184294591
0.94 0.012843251004606548
0.95 0.01243965820105819
0.96 0.012733750000000037
0.97 0.012993669495213191
0.98 0.011877792195924108
0.99 0.011416242254773872
1.0 0.010550876451458987
