0.01 0.03409666841043245
0.02 0.015933045197740116
0.03 0.012754218675179577
0.04 0.013102597479489152
0.05 0.010906033084923435
0.06 0.010777585136649767
0.07 0.009972595260828067
0.08 0.009697937435544856
0.09 0.009738808211366667
0.1 0.01013225547835381
0.11 0.010231279233586939
0.12 0.009853892368769317
0.13 0.009681988870938787
0.14 0.009253519924908266
0.15 0.010281341648407208
0.16 0.008691035080121272
0.17 0.009846703952274402
0.18 0.00978831450519657
0.19 0.009958577837167124
0.2 0.008930550414497791
0.21 0.009163812620423883
0.22 0.009511557440246739
0.23 0.009106412422360256
0.24 0.009390641580279182
0.25 0.008927986888111918
0.26 0.009667614505933233
0.27 0.009132137424600055
0.28 0.008951356238698005
0.29 0.009330980713245963
0.3 0.00960158631256381
0.31 0.009134252745207518
0.32 0.008981558185404314
0.33 0.009023997264309759
0.34 0.009239253026882839
0.35 0.009006790400552488
0.36 0.009163121603897338
0.37 0.009308743137254874
0.38 0.009290528906389876
0.39 0.009002146869657272
0.4 0.00930989726978256
0.41 0.009126318215932265
0.42 0.00929135862141434
0.43 0.009303189123867073
0.44 0.009246809408384994
0.45 0.009178839757386039
0.46 0.009447747174366295
0.47 0.009214356025282354
0.48 0.009330333898759025
0.49 0.009260777212614493
0.5 0.009315618948464352
0.51 0.009379364982133728
0.52 0.009513368715735469
0.53 0.009165124704916382
0.54 0.009451753200568968
0.55 0.009338164317951526
0.56 0.009369394925178942
0.57 0.009528631306888396
0.58 0.009452851958453306
0.59 0.009469389962328384
0.6 0.009524888395951767
0.61 0.009507012239020876
0.62 0.009534835446452634
0.63 0.009716896089657739
0.64 0.009695514819664327
0.65 0.00977188887297717
0.66 0.009830075054064333
0.67 0.009880533869115964
0.68 0.009853202068416868
0.69 0.00994467864446388
0.7 0.009845245243949714
0.71 0.00993007588663466
0.72 0.009970738077769624
0.73 0.010015983422309608
0.74 0.0099599099490073
0.75 0.009994212867355056
0.76 0.01002442777287434
0.77 0.010079639836289227
0.78 0.010238162507997422
0.79 0.010114448173486511
0.8 0.010169462899325408
0.81 0.010210767981815234
0.82 0.010213091436865001
0.83 0.010309085431793577
0.84 0.010287232676224601
0.85 0.010338115805101883
0.86 0.010444878737932687
0.87 0.01035465247039115
0.88 0.010444835258878899
0.89 0.010393083151382774
0.9 0.010369228586171324
0.91 0.010388806532663327
0.92 0.010485216267682259
0.93 0.010440318054256228
0.94 0.010466157749586256
0.95 0.010476220011702677
0.96 0.01042233495657447
0.97 0.010261947659788795
0.98 0.010198420798565876
0.99 0.010154184374669747
1.0 0.010154709876543466
